nome,nascimento_criacao,documento,tipo
Jelani Roy,13/02/1995,41282626631,2
Ulysses Farmer,28/07/2022,13643172737,2
Dana Mendoza,22/02/2000,26673788643,2
Fatima Bryan,03/12/2021,39877169195,2
Dante Gibson,11/12/1985,16846369443,2
Erich Trujillo,26/09/2021,55271863477,2
Yuli Shannon,16/05/2004,33578172376,2
Gillian Acevedo,30/05/2019,78623926331,2
Honorato Kirkland,11/01/1991,84743496887,2
Claire Stark,15/09/2012,35296968168,2
Gemma Meyer,03/06/2005,32836462755,2
Urielle Mcclure,06/01/2008,67688284888,2
Ashely Silva,28/12/2014,81345212245,2
Rebecca Rich,23/07/1980,85359261732,2
Brenna Barrett,23/05/1993,68435824496,2
Hendrerit Neque Foundation,21/05/1994,49762231825,1
Curabitur Sed Tortor Consulting,12/06/1990,71844336234,1
Elit Foundation,02/11/1995,48888689687,1
Orci Quis Lectus Inc.,06/09/2012,58882218444,1
Nam Porttitor Scelerisque LLC,29/04/2009,14542481238,1
Egestas A Scelerisque LLC,13/04/2011,25678535974,1
Nec Tempus Associates,18/04/2006,41277668357,1
Commodo Hendrerit Donec Foundation,04/09/1982,72928258468,1
Vitae Semper Incorporated,08/12/1999,83222321884,1
Vivamus Rhoncus Limited,17/10/1987,25571296584,1
Tempor Lorem Limited,15/03/1989,31559883568,1
Tempus Non Lacinia Associates,09/06/2002,24889282569,1
Mattis Cras Eget Ltd,10/08/1994,35447236378,1
Et LLP,02/02/2018,22956396637,1
Sodales At Limited,17/06/2012,63845818758,1
Cum Sociis Inc.,12/05/2004,57278254928,1
Dui Augue Eu Foundation,12/01/1988,22232466637,1
Interdum Curabitur Dictum Inc.,26/02/2001,58497283264,1
Ullamcorper Velit In Industries,05/08/2021,39211723912,1
Blandit Institute,28/05/1995,16253396762,1
Quisque Imperdiet Company,11/10/1991,54454384367,1
Sed Dolor Fusce Incorporated,06/10/2022,98669656584,1
Auctor Velit Associates,22/01/2006,18796652516,1
Eget Foundation,23/02/1985,37135274744,1
Mi Felis Corporation,07/04/2017,61748448624,1
Charissa Morrow,28/06/1998,66834576697,2
Jana Goff,23/06/2002,42536284185,2
Naida Chen,10/04/1982,65815512283,2
Cullen Gay,22/05/2003,99874626571,2
Selma Mays,29/01/1998,75966249895,2
Delilah Morgan,22/07/1990,56436457278,2
Quinlan Snider,24/05/1994,27435424561,2
Yoshio Blackwell,16/03/2017,46557549652,2
Amery Wolf,18/02/1988,72458656574,2
Neve Workman,29/03/2001,96973526184,2
Andrew Odom,04/06/2010,67788843713,2
Macon Greer,09/11/2006,36812858717,2
Garth Avery,17/09/2009,48544276745,2
Melinda Gay,22/02/2005,38227888711,2
Heidi Byrd,25/08/1997,22562631278,2
Clementine Mcclain,07/04/1991,82382846893,2
Alfonso Bernard,04/05/1991,25472123721,2
Murphy Nieves,24/07/2014,67794588522,2
Quintessa Jensen,22/05/2002,84284356179,2
Jaden Pruitt,07/04/1983,38643325955,2
Sydnee Mcintosh,15/06/2017,76591923497,2
Alfonso Waller,03/07/2002,38358685475,2
Aidan Noel,26/10/2001,36815123171,2
Demetria Mitchell,06/09/2003,84369787216,2
Nathan Whitehead,17/03/2001,57583477717,2
Cecilia Wiggins,25/11/1990,56382299665,2
Ciara Atkinson,13/02/1982,42555657552,2
Zephr Perez,19/10/2011,74113198425,2
Priscilla Carter,04/11/2011,96519534462,2
Raymond Kane,30/07/1991,74737857844,2
Riley Briggs,25/03/2008,87258365988,2
Tellus Sem Mollis Foundation,10/03/1982,57853426237,1
Vitae LLP,18/08/1983,37377764286,1
A Purus Limited,27/05/1985,92524477364,1
Cursus Foundation,20/08/2009,43699348312,1
Eget Limited,19/07/1985,38527639742,1
Suspendisse Non Leo Ltd,27/06/2021,29538522568,1
Elit Consulting,09/01/1983,66258638498,1
Donec Elementum Corp.,26/06/2000,39435842947,1
Arcu Sed Associates,16/10/2002,34955415647,1
Mattis Consulting,21/11/1985,34472378877,1
Felis Associates,27/03/1993,37748688435,1
Integer Mollis Integer Ltd,17/02/2010,31985798497,1
Non Corp.,30/07/1999,47665765255,1
Malesuada Augue Ut Consulting,12/08/2005,63188655693,1
In Hendrerit Corporation,02/12/2017,74644824424,1
Bibendum Donec Corp.,17/07/1992,63782321832,1
Nunc Institute,07/07/1985,37638245335,1
Accumsan Convallis Ante Foundation,23/07/1982,95558811282,1
Eu Sem LLC,15/10/1984,72434536854,1
Olga Boyd,11/10/1995,44478279118,2
Jael Moore,05/03/1988,42954375888,2
Chava Woodard,11/01/1998,18385314333,2
Wang Montoya,20/01/2019,61753933379,2
Lesley Serrano,14/02/2016,74217649231,2
Florence Nelson,01/09/2009,58786555456,2
Jacob Crane,05/04/2005,48837714184,2
Maia Bass,11/12/2012,91465225226,2
Cheryl Cole,13/09/1995,26822766817,2
Doris Hess,20/02/2018,25618734767,2
Kibo Patrick,09/07/2013,62817835716,2
Conan Lynn,13/04/2007,72127325511,2
Theodore William,18/06/2014,29677226195,2
Lois Townsend,01/05/2002,56967268454,2
Blake Burnett,07/09/2004,87755448559,2
Vivian Sanders,05/07/2001,62766823732,2
Yen Ortiz,07/07/1997,63587424215,2
Gil Mccray,28/11/1983,32511252397,2
Alexa Elliott,29/02/1996,23975456163,2
Kenyon Mack,04/07/1996,13965567563,2
Abigail Hopper,26/03/1990,84258132928,2
Sydnee Franks,27/01/2012,54877223282,2
Veda Mills,15/04/2015,81277173254,2
Kane Cross,30/05/2011,56163357336,2
Howard Horne,25/04/2010,85184328686,2
Brody Garcia,14/05/2008,97682366546,2
Demetria Vargas,29/11/1984,43562897246,2
Tristique Neque Limited,26/06/1992,61883774839,1
Dis Industries,19/12/2021,63954624847,1
Sit Amet LLC,21/02/2023,55879645994,1
Nec Euismod Inc.,15/09/2004,64122954542,1
Nullam Lobortis Quam Institute,07/07/1997,84317681112,1
Nunc Industries,07/12/1996,59856545247,1
Adipiscing Elit Aliquam Incorporated,18/02/1984,26832614197,1
Cursus Foundation,28/03/1992,33265483377,1
Gravida Non Sollicitudin Institute,21/04/1999,44985583268,1
Magna LLP,21/06/1983,33355546853,1
Iaculis Odio Associates,02/09/2011,75671489439,1
Amet Consectetuer Consulting,06/04/1990,38522322547,1
Augue Scelerisque Corp.,03/07/1986,89372486846,1
Kibo Crawford,12/03/2010,71336958664,2
Kadeem Sweeney,23/06/2015,98436371896,2
Dillon Hays,11/02/1982,65138347276,2
Neville Allison,29/10/1984,55584623961,2
Hayfa Nelson,08/11/2004,68774933898,2
Branden Davidson,27/04/1981,36243282449,2
Delilah Caldwell,25/05/1982,76932265227,2
Shafira Downs,25/08/1980,85855623576,2
Brady Barnes,10/01/2001,75743721978,2
Oren Shields,16/04/1983,51778323965,2
Natalie Summers,31/03/2014,45547586137,2
Elit Dictum Ltd,21/09/1983,81819598821,1
Rhoncus Proin Corp.,14/05/2000,65252797459,1
Quis Pede Institute,04/04/1988,46312988779,1
Orci Lacus Vestibulum Limited,24/09/2015,97121227768,1
Brett Mccoy,07/08/1992,68338454592,2
Blossom Carey,19/06/2011,45885158378,2
Kylynn Schwartz,24/11/2017,73832452543,2
Cairo Rowland,12/07/2011,85416835674,2
Amy Tucker,27/06/2007,95442112942,2
Nichole Hinton,06/10/2002,16981835237,2
Aretha Kinney,23/06/1998,42743525482,2
Elijah Soto,23/10/1987,59871374582,2
Mariam Mayo,12/01/1989,23623288557,2
Sopoline Jordan,05/08/1993,29378473794,2
Isadora Wooten,23/07/2007,35294472264,2
Consectetuer Adipiscing Incorporated,04/06/2006,98334937299,1
Tincidunt Orci Quis Institute,21/12/1988,64257866879,1
Feugiat Tellus Lorem Institute,04/05/1990,22236441276,1
Aliquam Rutrum PC,22/03/2022,56277864686,1
Velit Egestas Consulting,18/02/1987,87754267186,1
Ligula Foundation,31/10/2015,77267324844,1
Mus Proin Vel Limited,09/10/2021,55648356427,1
Abraham Owens,23/08/1982,84385663485,2
Cruz Pearson,27/12/2014,57317647643,2
Benjamin Garner,03/11/1980,27491553768,2
Maecenas Associates,27/11/2018,33721683622,1
Est Vitae Sodales Inc.,16/10/1989,47793572184,1
Purus LLP,04/04/1985,25285733635,1
Nullam Scelerisque LLC,05/01/2004,38159662974,1
Tincidunt Nunc Ac Foundation,07/12/1999,82759585446,1
Arcu LLP,19/09/2017,33817733875,1
Consequat Purus Limited,22/01/2020,82744846143,1
Sed Dictum Eleifend Ltd,16/08/2010,84477248288,1
Dui Nec Urna PC,04/08/1984,77767979323,1
Quail Rodriquez,20/11/1989,53572577958,2
Mauris Corp.,20/11/1991,92596221236,1
Purus Duis Institute,05/08/2019,28634414183,1
Mauris Vel Ltd,09/10/2007,89366473239,1
Nunc Sed Industries,11/08/2017,41647822238,1
Tincidunt Pede Ac Company,10/08/1987,93545347882,1
Nullam Suscipit Est PC,25/10/2005,74267478743,1
Nec Mollis Vitae Incorporated,24/10/2019,49754857129,1
Lectus Ante Dictum Industries,27/11/1989,22889719465,1
Cursus Diam Inc.,15/03/1990,23116477774,1
Mus LLC,26/05/2018,78152648258,1
Et Corporation,26/05/1994,55795633428,1
Feugiat Sed Foundation,04/06/2011,44646188646,1
Urna Vivamus Molestie Limited,01/11/2008,89695775287,1
At Augue Institute,18/01/2015,57684214268,1
Tellus Suspendisse Consulting,06/06/2007,65572238857,1
Dolor Quisque PC,10/12/2014,17621624153,1
Risus Limited,09/03/1983,74825796159,1
Et Malesuada Industries,05/04/2018,69778235355,1
Bibendum Sed Foundation,31/08/1994,67365142627,1
Auctor Mauris Vel Corp.,10/10/1994,27744763278,1
Elit Pharetra Ut Institute,05/08/1993,22546854485,1
Non Vestibulum Corporation,25/10/1988,29848559853,1
Nulla Cras Eu Associates,24/11/1988,45933575884,1
Ulysses Dorsey,27/12/2002,73764226457,2
